0: kd> cdb: Reading initial command 'dd ffffcc03f51a4000 Lc; dd ffffcc03f51ac000 Lc; dd ffffcc03f5260000 Lc; db ffffcc03f5268000 L1f8; db ffffcc03f5208000 L140; db ffffcc03f5210000 L140; dt -r2 AppleAgxRenderAdmission!_APPLE_AGX_RENDER_SHARED_MEMORY ffffe20519fec228+440; dl ffffe2051a051040 10 2; q'
ffffcc03`f51a4000  00000005 00000000 00000000 00000000
ffffcc03`f51a4010  00000005 00000000 00000000 00000000
ffffcc03`f51a4020  00000005 00000000 00000000 00000000
ffffcc03`f51ac000  00000005 00000000 00000000 00000000
ffffcc03`f51ac010  00000005 00000000 00000000 00000000
ffffcc03`f51ac020  00000005 00000000 00000000 00000000
ffffcc03`f5260000  00000008 00000000 00000000 00000000
ffffcc03`f5260010  00000000 00000000 00000000 00000000
ffffcc03`f5260020  00000009 00000000 00000000 00000000
ffffcc03`f5268000  01 00 00 00 02 00 00 00-00 00 00 00 00 00 00 00  ................
ffffcc03`f5268010  00 00 00 00 00 00 ff ff-1c 00 00 00 00 00 00 00  ................
ffffcc03`f5268020  e8 40 00 00 00 00 00 00-80 11 00 00 00 00 02 00  .@..............
ffffcc03`f5268030  e0 40 00 00 00 00 00 00-01 00 00 00 01 00 00 00  .@..............
ffffcc03`f5268040  00 00 00 00 00 00 00 00-00 00 00 00 00 00 ff ff  ................
ffffcc03`f5268050  1c 00 00 00 00 00 00 00-e8 40 00 00 00 00 00 00  .........@......
ffffcc03`f5268060  68 11 00 00 00 00 00 00-e0 40 00 00 00 00 00 00  h........@......
ffffcc03`f5268070  01 00 00 00 02 00 00 00-00 00 00 00 00 00 00 00  ................
ffffcc03`f5268080  00 00 00 00 00 00 00 00-00 00 00 00 00 00 00 00  ................
ffffcc03`f5268090  00 00 00 00 00 00 ff ff-1c 00 00 00 00 00 00 00  ................
ffffcc03`f52680a0  e8 40 00 00 00 00 00 00-01 00 00 00 01 00 00 00  .@..............
ffffcc03`f52680b0  00 00 00 00 00 00 00 00-00 00 00 00 00 00 ff ff  ................
ffffcc03`f52680c0  1c 00 00 00 00 00 00 00-e8 40 00 00 00 00 00 00  .........@......
ffffcc03`f52680d0  02 00 00 00 00 00 00 00-00 00 00 00 00 00 00 00  ................
ffffcc03`f52680e0  01 00 00 00 02 00 00 00-00 00 00 00 00 00 00 00  ................
ffffcc03`f52680f0  00 00 00 00 00 00 00 00-00 00 00 00 00 00 00 00  ................
ffffcc03`f5268100  00 00 00 00 00 00 ff ff-1c 00 00 00 00 00 00 00  ................
ffffcc03`f5268110  e8 40 00 00 00 00 00 00-01 00 00 00 01 00 00 00  .@..............
ffffcc03`f5268120  00 00 00 00 00 00 00 00-00 00 00 00 00 00 ff ff  ................
ffffcc03`f5268130  1c 00 00 00 00 00 00 00-e8 40 00 00 00 00 00 00  .........@......
ffffcc03`f5268140  68 11 00 00 00 00 00 00-e0 40 00 00 00 00 00 00  h........@......
ffffcc03`f5268150  01 00 00 00 02 00 00 00-00 00 00 00 00 00 00 00  ................
ffffcc03`f5268160  00 00 00 00 00 00 00 00-00 00 00 00 00 00 00 00  ................
ffffcc03`f5268170  00 00 00 00 00 00 ff ff-1c 00 00 00 00 00 00 00  ................
ffffcc03`f5268180  e8 40 00 00 00 00 00 00-01 00 00 00 01 00 00 00  .@..............
ffffcc03`f5268190  00 00 00 00 00 00 00 00-00 00 00 00 00 00 ff ff  ................
ffffcc03`f52681a0  1c 00 00 00 00 00 00 00-e8 40 00 00 00 00 00 00  .........@......
ffffcc03`f52681b0  02 00 00 00 00 00 00 00-00 00 00 00 00 00 00 00  ................
ffffcc03`f52681c0  04 00 00 00 00 00 00 00-00 00 00 00 00 00 00 00  ................
ffffcc03`f52681d0  00 00 00 00 00 00 00 00-00 00 00 00 00 00 00 00  ................
ffffcc03`f52681e0  00 00 00 00 00 00 00 00-00 00 00 00 00 00 00 00  ................
ffffcc03`f52681f0  00 00 00 00 00 00 00 00                          ........
ffffcc03`f5208000  00 00 00 00 48 3f 39 00-a0 ff ff ff 02 00 00 00  ....H?9.........
ffffcc03`f5208010  00 00 00 00 01 00 00 00-00 00 00 00 00 00 00 00  ................
ffffcc03`f5208020  00 00 00 00 00 00 00 00-00 00 00 00 00 00 00 00  ................
ffffcc03`f5208030  00 00 00 00 48 3f 39 00-a0 ff ff ff 03 00 00 00  ....H?9.........
ffffcc03`f5208040  00 00 00 00 00 00 00 00-00 00 00 00 00 00 00 00  ................
ffffcc03`f5208050  00 00 00 00 00 00 00 00-00 00 00 00 00 00 00 00  ................
ffffcc03`f5208060  00 00 00 00 48 3f 39 00-a0 ff ff ff 04 00 00 00  ....H?9.........
ffffcc03`f5208070  00 00 00 00 00 00 00 00-00 00 00 00 00 00 00 00  ................
ffffcc03`f5208080  00 00 00 00 00 00 00 00-00 00 00 00 00 00 00 00  ................
ffffcc03`f5208090  00 00 00 00 48 3f 39 00-a0 ff ff ff 05 00 00 00  ....H?9.........
ffffcc03`f52080a0  00 00 00 00 00 00 00 00-00 00 00 00 00 00 00 00  ................
ffffcc03`f52080b0  00 00 00 00 00 00 00 00-00 00 00 00 00 00 00 00  ................
ffffcc03`f52080c0  00 00 00 00 48 3f 39 00-a0 ff ff ff 06 00 00 00  ....H?9.........
ffffcc03`f52080d0  00 00 00 00 00 00 00 00-00 00 00 00 00 00 00 00  ................
ffffcc03`f52080e0  00 00 00 00 00 00 00 00-00 00 00 00 00 00 00 00  ................
ffffcc03`f52080f0  00 00 00 00 00 00 00 00-00 00 00 00 00 00 00 00  ................
ffffcc03`f5208100  00 00 00 00 00 00 00 00-00 00 00 00 00 00 00 00  ................
ffffcc03`f5208110  00 00 00 00 00 00 00 00-00 00 00 00 00 00 00 00  ................
ffffcc03`f5208120  00 00 00 00 00 00 00 00-00 00 00 00 00 00 00 00  ................
ffffcc03`f5208130  00 00 00 00 00 00 00 00-00 00 00 00 00 00 00 00  ................
ffffcc03`f5210000  01 00 00 00 48 bf 37 00-a0 ff ff ff 02 00 00 00  ....H.7.........
ffffcc03`f5210010  01 00 00 00 01 00 00 00-00 00 00 00 00 00 00 00  ................
ffffcc03`f5210020  00 00 00 00 00 00 00 00-00 00 00 00 00 00 00 00  ................
ffffcc03`f5210030  01 00 00 00 48 bf 37 00-a0 ff ff ff 04 00 00 00  ....H.7.........
ffffcc03`f5210040  01 00 00 00 00 00 00 00-00 00 00 00 00 00 00 00  ................
ffffcc03`f5210050  00 00 00 00 00 00 00 00-00 00 00 00 00 00 00 00  ................
ffffcc03`f5210060  01 00 00 00 48 bf 37 00-a0 ff ff ff 06 00 00 00  ....H.7.........
ffffcc03`f5210070  01 00 00 00 00 00 00 00-00 00 00 00 00 00 00 00  ................
ffffcc03`f5210080  00 00 00 00 00 00 00 00-00 00 00 00 00 00 00 00  ................
ffffcc03`f5210090  01 00 00 00 48 bf 37 00-a0 ff ff ff 08 00 00 00  ....H.7.........
ffffcc03`f52100a0  01 00 00 00 00 00 00 00-00 00 00 00 00 00 00 00  ................
ffffcc03`f52100b0  00 00 00 00 00 00 00 00-00 00 00 00 00 00 00 00  ................
ffffcc03`f52100c0  01 00 00 00 48 bf 37 00-a0 ff ff ff 0a 00 00 00  ....H.7.........
ffffcc03`f52100d0  01 00 00 00 00 00 00 00-00 00 00 00 00 00 00 00  ................
ffffcc03`f52100e0  00 00 00 00 00 00 00 00-00 00 00 00 00 00 00 00  ................
ffffcc03`f52100f0  00 00 00 00 00 00 00 00-00 00 00 00 00 00 00 00  ................
ffffcc03`f5210100  00 00 00 00 00 00 00 00-00 00 00 00 00 00 00 00  ................
ffffcc03`f5210110  00 00 00 00 00 00 00 00-00 00 00 00 00 00 00 00  ................
ffffcc03`f5210120  00 00 00 00 00 00 00 00-00 00 00 00 00 00 00 00  ................
ffffcc03`f5210130  00 00 00 00 00 00 00 00-00 00 00 00 00 00 00 00  ................
Symbol AppleAgxRenderAdmission!_APPLE_AGX_RENDER_SHARED_MEMORY not found.
ffffe205`1a051040  ffffe205`16069dd0 ffffe205`1a1cadb0
ffffe205`16069dd0  ffffe205`16004dd0 ffffe205`1a051040
ffffe205`16004dd0  ffffe205`19e49530 ffffe205`16069dd0
ffffe205`19e49530  ffffe205`1952add0 ffffe205`16004dd0
ffffe205`1952add0  ffffe205`19a97010 ffffe205`19e49530
ffffe205`19a97010  ffffe205`19be67e0 ffffe205`1952add0
ffffe205`19be67e0  ffffe205`16dbfdb0 ffffe205`19a97010
ffffe205`16dbfdb0  ffffe205`1a1cbdb0 ffffe205`19be67e0
ffffe205`1a1cbdb0  ffffe205`1a1cadb0 ffffe205`16dbfdb0
ffffe205`1a1cadb0  ffffe205`1a051040 ffffe205`1a1cbdb0
