000 9e3779b9 000000 0 0 0 0 0 b979379e00000000
001 3c6ff372 100000 1 1 1 1 0 72f36f3c414a0000
002 daa46d2b 010000 2 2 2 2 0 2b6da4da82940000
003 78dee6e4 110000 3 0 3 31 0 e4e6de78c3d80700
004 1711609d 001000 4 1 4 127 0 9d60111704e31f00
005 b549da56 101000 5 2 5 511 0 56da49b545ed7f00
006 5382540f 011000 6 0 0 1022 0 0f5482538681ff00
007 f1bccdc8 111000 7 1 1 2047 0 c8cdbcf1c7cbff01
008 8ffb4781 000100 0 2 2 0 0 8147fb8f08140000
009 2e23c13a 100100 1 0 3 1 0 3ac1232e49580000
010 cc683af3 010100 2 1 4 2 0 f33a68cc8aa20000
011 6a92b4ac 110100 3 2 5 31 0 acb4926acbec0700
012 08dd2e65 001100 4 0 0 127 0 652edd080cc11f00
013 a705a81e 101100 5 1 1 511 0 1ea805a74dcb7f00
014 454e21d7 011100 6 2 2 1022 0 d7214e458e95ff00
015 e3789b90 111100 7 0 3 2047 0 909b78e3cfd9ff01
016 81bf1549 000010 0 1 4 0 0 4915bf8110220000
017 1ff78f02 100010 1 2 5 1 0 028ff71f516c0000
018 be0c08bb 010010 2 0 0 2 0 bb080cbe92800000
019 5c468274 110010 3 1 1 31 0 7482465cd3ca0700
020 fa98fc2d 001010 4 2 2 127 0 2dfc98fa14d51f00
021 98d175e6 101010 5 0 3 511 0 e675d19855d97f00
022 36edef9f 011010 6 1 4 1022 0 9fefed3696a3ff00
023 d5246958 111010 7 2 5 2047 0 586924d5d7edff01
024 7372e311 000110 0 0 0 0 0 11e3727318000000
025 11bb5cca 100110 1 1 1 1 0 ca5cbb11594a0000
026 afc3d683 010110 2 2 2 2 0 83d6c3af9a940000
027 4e0a503c 110110 3 0 3 31 0 3c500a4edbd80700
028 ec54c9f5 001110 4 1 4 127 0 f5c954ec1ce31f00
029 8a9d43ae 101110 5 2 5 511 0 ae439d8a5ded7f00
030 28a9bd67 011110 6 0 0 1022 0 67bda9289e81ff00
031 c6f03720 111110 7 1 1 2047 0 2037f0c6dfcbff01
032 6506b0d9 000001 0 2 2 0 0 d9b0066520140000
033 037f2a92 100001 1 0 3 1 0 922a7f0361580000
034 a1b7a44b 010001 2 1 4 2 0 4ba4b7a1a2a20000
035 3fee1e04 110001 3 2 5 31 0 041eee3fe3ec0700
036 de2097bd 001001 4 0 0 127 0 bd9720de24c11f00
037 7c191176 101001 5 1 1 511 0 7611197c65cb7f00
038 1a558b2f 011001 6 2 2 1022 0 2f8b551aa695ff00
039 b88c04e8 111001 7 0 3 2047 0 e8048cb8e7d9ff01
040 56ca7ea1 000101 0 1 4 0 0 a17eca5628220000
041 f530f85a 100101 1 2 5 1 0 5af830f5696c0000
042 937b7213 010101 2 0 0 2 0 13727b93aa800000
043 31a3ebcc 110101 3 1 1 31 0 cceba331ebca0700
044 cfec6585 001101 4 2 2 127 0 8565eccf2cd51f00
045 6ddadf3e 101101 5 0 3 511 0 3edfda6d6dd97f00
046 0c0158f7 011101 6 1 4 1022 0 f758010caea3ff00
047 aa49d2b0 111101 7 2 5 2047 0 b0d249aaefedff01
048 48ae4c69 000011 0 0 0 0 0 694cae4830000000
049 e6e4c622 100011 1 1 1 1 0 22c6e4e6714a0000
050 853f3fdb 010011 2 2 2 2 0 db3f3f85b2940000
051 2377b994 110011 3 0 3 31 0 94b97723f3d80700
052 c148334d 001011 4 1 4 127 0 4d3348c134e31f00
053 5f86ad06 101011 5 2 5 511 0 06ad865f75ed7f00
054 fddd26bf 011011 6 0 0 1022 0 bf26ddfdb681ff00
055 9c15a078 111011 7 1 1 2047 0 78a0159cf7cbff01
056 3a621a31 000111 0 2 2 0 0 311a623a38140000
057 d8a893ea 100111 1 0 3 1 0 ea93a8d879580000
058 76f30da3 010111 2 1 4 2 0 a30df376baa20000
059 153b875c 110111 3 2 5 31 0 5c873b15fbec0700
060 b3040115 001111 4 0 0 127 0 150104b33cc11f00
061 51527ace 101111 5 1 1 511 0 ce7a52517dcb7f00
062 ef98f487 011111 6 2 2 1022 0 87f498efbe95ff00
063 8de16e40 111111 7 0 3 2047 0 406ee18dffd9ff01
064 2c55e7f9 000000 0 1 4 0 1 f9e7552c00220002
065 ca0c61b2 100000 1 2 5 1 1 b2610cca416c0002
066 68c6db6b 010000 2 0 0 2 1 6bdbc66882800002
067 06ff5524 110000 3 1 1 31 1 2455ff06c3ca0702
068 a4b7cedd 001000 4 2 2 127 1 ddceb7a404d51f02
069 436e4896 101000 5 0 3 511 1 96486e4345d97f02
070 e124c24f 011000 6 1 4 1022 1 4fc224e186a3ff02
071 7fdd3c08 111000 7 2 5 2047 1 083cdd7fc7edff03
072 1d99b5c1 000100 0 0 0 0 1 c1b5991d08000002
073 bc402f7a 100100 1 1 1 1 1 7a2f40bc494a0002
074 5a0aa933 010100 2 2 2 2 1 33a90a5a8a940002
075 f83322ec 110100 3 0 3 31 1 ec2233f8cbd80702
076 96e39ca5 001100 4 1 4 127 1 a59ce3960ce31f02
077 34aa165e 101100 5 2 5 511 1 5e16aa344ded7f02
078 d3509017 011100 6 0 0 1022 1 179050d38e81ff02
079 711909d0 111100 7 1 1 2047 1 d0091971cfcbff03
080 0fdd8389 000010 0 2 2 0 1 8983dd0f10140002
081 ad95fd42 100010 1 0 3 1 1 42fd95ad51580002
082 4bae76fb 010010 2 1 4 2 1 fb76ae4b92a20002
083 ea60f0b4 110010 3 2 5 31 1 b4f060ead3ec0702
084 883f6a6d 001010 4 0 0 127 1 6d6a3f8814c11f02
085 26f7e426 101010 5 1 1 511 1 26e4f72655cb7f02
086 c48c5ddf 011010 6 2 2 1022 1 df5d8cc49695ff02
087 6346d798 111010 7 0 3 2047 1 98d74663d7d9ff03
088 01115151 000110 0 1 4 0 1 5151110118220002
089 9fd9cb0a 100110 1 2 5 1 1 0acbd99f596c0002
090 3de244c3 010110 2 0 0 2 1 c344e23d9a800002
091 dbb4be7c 110110 3 1 1 31 1 7cbeb4dbdbca0702
092 7a7b3835 001110 4 2 2 127 1 35387b7a1cd51f02
093 1803b1ee 101110 5 0 3 511 1 eeb103185dd97f02
094 b6c82ba7 011110 6 1 4 1022 1 a72bc8b69ea3ff02
095 5492a560 111110 7 2 5 2047 1 60a59254dfedff03
096 f3651f19 000001 0 0 0 0 1 191f65f320000002
097 915d98d2 100001 1 1 1 1 1 d2985d91614a0002
098 2f16128b 010001 2 2 2 2 1 8b12162fa2940002
099 cdc88c44 110001 3 0 3 31 1 448cc8cde3d80702
100 6b8705fd 001001 4 1 4 127 1 fd05876b24e31f02
101 0a7f7fb6 101001 5 2 5 511 1 b67f7f0a65ed7f02
102 a837f96f 011001 6 0 0 1022 1 6ff937a8a681ff02
103 46ee7328 111001 7 1 1 2047 1 2873ee46e7cbff03
104 e4a8ece1 000101 0 2 2 0 1 e1eca8e428140002
105 8291669a 100101 1 0 3 1 1 9a66918269580002
106 2145e053 010101 2 1 4 2 1 53e04521aaa20002
107 bf0c5a0c 110101 3 2 5 31 1 0c5a0cbfebec0702
108 5df2d3c5 001101 4 0 0 127 1 c5d3f25d2cc11f02
109 fbbb4d7e 101101 5 1 1 511 1 7e4dbbfb6dcb7f02
110 9a63c737 011101 6 2 2 1022 1 37c7639aae95ff02
111 382a40f0 111101 7 0 3 2047 1 f0402a38efd9ff03
112 d60cbaa9 000011 0 1 4 0 1 a9ba0cd630220002
113 74c53462 100011 1 2 5 1 1 6234c574716c0002
114 1299ae1b 010011 2 0 0 2 1 1bae9912b2800002
115 b15027d4 110011 3 1 1 31 1 d42750b1f3ca0702
116 4f2ea18d 001011 4 2 2 127 1 8da12e4f34d51f02
117 ede71b46 101011 5 0 3 511 1 461be7ed75d97f02
118 8bbf94ff 011011 6 1 4 1022 1 ff94bf8bb6a3ff02
119 2a760eb8 111011 7 2 5 2047 1 b80e762af7edff03
120 c8408871 000111 0 0 0 0 1 718840c838000002
121 6609022a 100111 1 1 1 1 1 2a020966794a0002
122 04dd7be3 010111 2 2 2 2 1 e37bdd04ba940002
123 a2a5f59c 110111 3 0 3 31 1 9cf5a5a2fbd80702
124 416a6f55 001111 4 1 4 127 1 556f6a413ce31f02
125 df30e90e 101111 5 2 5 511 1 0ee930df7ded7f02
126 7dfb62c7 011111 6 0 0 1022 1 c762fb7dbe81ff02
127 1bc3dc80 111111 7 1 1 2047 1 80dcc31bffcbff03
128 b9745639 000000 0 2 2 0 0 395674b900140000
129 58aacff2 100000 1 0 3 1 0 f2cfaa5841580000
130 f6e149ab 010000 2 1 4 2 0 ab49e1f682a20000
131 9419c364 110000 3 2 5 31 0 64c31994c3ec0700
132 32563d1d 001000 4 0 0 127 0 1d3d563204c11f00
133 d18cb6d6 101000 5 1 1 511 0 d6b68cd145cb7f00
134 6fc7308f 011000 6 2 2 1022 0 8f30c76f8695ff00
135 0dffaa48 111000 7 0 3 2047 0 48aaff0dc7d9ff01
136 ab382401 000100 0 1 4 0 0 012438ab08220000
137 496e9dba 100100 1 2 5 1 0 ba9d6e49496c0000
138 e8951773 010100 2 0 0 2 0 731795e88a800000
139 86dd912c 110100 3 1 1 31 0 2c91dd86cbca0700
140 24020ae5 001100 4 2 2 127 0 e50a02240cd51f00
141 c248849e 101100 5 0 3 511 0 9e8448c24dd97f00
142 6072fe57 011100 6 1 4 1022 0 57fe72608ea3ff00
143 ffbb7810 111100 7 2 5 2047 0 1078bbffcfedff01
144 9dfbf1c9 000010 0 0 0 0 0 c9f1fb9d10000000
145 3b326b82 100010 1 1 1 1 0 826b323b514a0000
146 d948e53b 010010 2 2 2 2 0 3be548d992940000
147 78815ef4 110010 3 0 3 31 0 f45e8178d3d80700
148 16ddd8ad 001010 4 1 4 127 0 add8dd1614e31f00
149 b4145266 101010 5 2 5 511 0 665214b455ed7f00
150 522ecc1f 011010 6 0 0 1022 0 1fcc2e529681ff00
151 f06745d8 111010 7 1 1 2047 0 d84567f0d7cbff01
152 8fbfbf91 000110 0 2 2 0 0 91bfbf8f18140000
153 2dc6394a 100110 1 0 3 1 0 4a39c62d59580000
154 cb0cb303 010110 2 1 4 2 0 03b30ccb9aa20000
155 69552cbc 110110 3 2 5 31 0 bc2c5569dbec0700
156 0899a675 001110 4 0 0 127 0 75a699081cc11f00
157 a6a0202e 101110 5 1 1 511 0 2e20a0a65dcb7f00
158 44ea99e7 011110 6 2 2 1022 0 e799ea449e95ff00
159 e23313a0 111110 7 0 3 2047 0 a01333e2dfd9ff01
160 80438d59 000001 0 1 4 0 0 598d438020220000
161 1fba0712 100001 1 2 5 1 0 1207ba1f616c0000
162 bdf080cb 010001 2 0 0 2 0 cb80f0bda2800000
163 5b2afa84 110001 3 1 1 31 0 84fa2a5be3ca0700
164 f965743d 001001 4 2 2 127 0 3d7465f924d51f00
165 975dedf6 101001 5 0 3 511 0 f6ed5d9765d97f00
166 369667af 011001 6 1 4 1022 0 af679636a6a3ff00
167 d4c0e168 111001 7 2 5 2047 0 68e1c0d4e7edff01
168 72375b21 000101 0 0 0 0 0 215b377228000000
169 107fd4da 100101 1 1 1 1 0 dad47f10694a0000
170 afa44e93 010101 2 2 2 2 0 934ea4afaa940000
171 4deec84c 110101 3 0 3 31 0 4cc8ee4debd80700
172 ebd14205 001101 4 1 4 127 0 0542d1eb2ce31f00
173 8919bbbe 101101 5 2 5 511 0 bebb19896ded7f00
174 27423577 011101 6 0 0 1022 0 77354227ae81ff00
175 c68caf30 111101 7 1 1 2047 0 30af8cc6efcbff01
176 64eb28e9 000011 0 2 2 0 0 e928eb6430140000
177 0223a2a2 100011 1 0 3 1 0 a2a2230271580000
178 a0781c5b 010011 2 1 4 2 0 5b1c78a0b2a20000
179 3fb29614 110011 3 2 5 31 0 1496b23ff3ec0700
180 dd8d0fcd 001011 4 0 0 127 0 cd0f8ddd34c11f00
181 7bc58986 101011 5 1 1 511 0 8689c57b75cb7f00
182 191e033f 011011 6 2 2 1022 0 3f031e19b695ff00
183 b7687cf8 111011 7 0 3 2047 0 f87c68b7f7d9ff01
184 56aef6b1 000111 0 1 4 0 0 b1f6ae5638220000
185 f4f7706a 100111 1 2 5 1 0 6a70f7f4796c0000
186 923fea23 010111 2 0 0 2 0 23ea3f92ba800000
187 300663dc 110111 3 1 1 31 0 dc630630fbca0700
188 ce48dd95 001111 4 2 2 127 0 95dd48ce3cd51f00
189 6d91574e 101111 5 0 3 511 0 4e57916d7dd97f00
190 0bddd107 011111 6 1 4 1022 0 07d1dd0bbea3ff00
191 a9244ac0 111111 7 2 5 2047 0 c04a24a9ffedff01
192 4712c479 000000 0 0 0 0 1 79c4124700000002
193 e6cb3e32 100000 1 1 1 1 1 323ecbe6414a0002
194 8483b7eb 010000 2 2 2 2 1 ebb7838482940002
195 22ba31a4 110000 3 0 3 31 1 a431ba22c3d80702
196 c074ab5d 001000 4 1 4 127 1 5dab74c004e31f02
197 5e2d2516 101000 5 2 5 511 1 16252d5e45ed7f02
198 fdd99ecf 011000 6 0 0 1022 1 cf9ed9fd8681ff02
199 9b901888 111000 7 1 1 2047 1 8818909bc7cbff03
200 39469241 000100 0 2 2 0 1 4192463908140002
201 d70f0bfa 100100 1 0 3 1 1 fa0b0fd749580002
202 753785b3 010100 2 1 4 2 1 b38537758aa20002
203 14ffff6c 110100 3 2 5 31 1 6cffff14cbec0702
204 b2a07925 001100 4 0 0 127 1 2579a0b20cc11f02
205 506ef2de 101100 5 1 1 511 1 def26e504dcb7f02
206 ee156c97 011100 6 2 2 1022 1 976c15ee8e95ff02
207 8ddde650 111100 7 0 3 2047 1 50e6dd8dcfd9ff03
208 2b9a6009 000010 0 1 4 0 1 09609a2b10220002
209 c950d9c2 100010 1 2 5 1 1 c2d950c9516c0002
210 676b537b 010010 2 0 0 2 1 7b536b6792800002
211 0523cd34 110010 3 1 1 31 1 34cd2305d3ca0702
212 a4fc46ed 001010 4 2 2 127 1 ed46fca414d51f02
213 428ac0a6 101010 5 0 3 511 1 a6c08a4255d97f02
214 e0413a5f 011010 6 1 4 1022 1 5f3a41e096a3ff02
215 7e19b418 111010 7 2 5 2047 1 18b4197ed7edff03
216 1dde2dd1 000110 0 0 0 0 1 d12dde1d18000002
217 bbe4a78a 100110 1 1 1 1 1 8aa7e4bb594a0002
218 59af2143 010110 2 2 2 2 1 4321af599a940002
219 f7779afc 110110 3 0 3 31 1 fc9a77f7dbd80702
220 953814b5 001110 4 1 4 127 1 b51438951ce31f02
221 34c68e6e 101110 5 2 5 511 1 6e8ec6345ded7f02
222 d28d0827 011110 6 0 0 1022 1 27088dd29e81ff02
223 705581e0 111110 7 1 1 2047 1 e0815570dfcbff03
224 0e21fb99 000001 0 2 2 0 1 99fb210e20140002
225 ac187552 100001 1 0 3 1 1 527518ac61580002
226 4bd2ef0b 010001 2 1 4 2 1 0befd24ba2a20002
227 e98b68c4 110001 3 2 5 31 1 c4688be9e3ec0702
228 877be27d 001001 4 0 0 127 1 7de27b8724c11f02
229 25325c36 101001 5 1 1 511 1 365c322565cb7f02
230 c4e8d5ef 011001 6 2 2 1022 1 efd5e8c4a695ff02
231 62a14fa8 111001 7 0 3 2047 1 a84fa162e7d9ff03
232 0095c961 000101 0 1 4 0 1 61c9950028220002
233 9e5c431a 100101 1 2 5 1 1 1a435c9e696c0002
234 3c06bcd3 010101 2 0 0 2 1 d3bc063caa800002
235 dbcf368c 110101 3 1 1 31 1 8c36cfdbebca0702
236 79b7b045 001101 4 2 2 127 1 45b0b7792cd51f02
237 177e29fe 101101 5 0 3 511 1 fe297e176dd97f02
238 b524a3b7 011101 6 1 4 1022 1 b7a324b5aea3ff02
239 54ed1d70 111101 7 2 5 2047 1 701ded54efedff03
240 f2c99729 000011 0 0 0 0 1 2997c9f230000002
241 908010e2 100011 1 1 1 1 1 e2108090714a0002
242 2e5a8a9b 010011 2 2 2 2 1 9b8a5a2eb2940002
243 cc130454 110011 3 0 3 31 1 540413ccf3d80702
244 6be37e0d 001011 4 1 4 127 1 0d7ee36b34e31f02
245 09bbf7c6 101011 5 2 5 511 1 c6f7bb0975ed7f02
246 a770717f 011011 6 0 0 1022 1 7f7170a7b681ff02
247 454aeb38 111011 7 1 1 2047 1 38eb4a45f7cbff03
248 e30d64f1 000111 0 2 2 0 1 f1640de338140002
249 82d5deaa 100111 1 0 3 1 1 aaded58279580002
250 209e5863 010111 2 1 4 2 1 63589e20baa20002
251 be60d21c 110111 3 2 5 31 1 1cd260befbec0702
252 5c2f4bd5 001111 4 0 0 127 1 d54b2f5c3cc11f02
253 fbf7c58e 101111 5 1 1 511 1 8ec5f7fb7dcb7f02
254 99bc3f47 011111 6 2 2 1022 1 473fbc99be95ff02
255 3786b900 111111 7 0 3 2047 1 00b98637ffd9ff03
